studio embedding before storing: 
[[ 0.00366359 -0.00980515  0.07540383  0.00641607  0.06108664  0.03467018
  -0.05306716 -0.07873451  0.04321324  0.05149586  0.05778623  0.06629159
  -0.02710623  0.07279237 -0.04343042 -0.03326549 -0.03661038  0.02519633
  -0.01183513  0.00930621  0.04465992  0.05654455  0.12767975  0.04695408
  -0.07190044  0.06054856  0.01886209 -0.01556284 -0.03155151 -0.07079276
   0.03344063  0.02434471  0.05452272 -0.09256554  0.07753891 -0.00076255
   0.05476203 -0.03123341  0.0373515  -0.02817187 -0.01239368 -0.00178046
  -0.04625275  0.00483107 -0.01854327 -0.05355094 -0.04275795  0.03486511
  -0.0607069   0.03856725 -0.03437775 -0.01029868 -0.05953246  0.00695211
  -0.02321984  0.0324311   0.00685429 -0.01232542 -0.00261482 -0.0197825
   0.07436582  0.05126636 -0.03348562  0.01274753  0.03388055 -0.00535764
   0.00421504 -0.04466834  0.07698765  0.07179517  0.06453103  0.04801206
   0.01642602  0.07248779 -0.01688323  0.02229815 -0.00800592 -0.00531784
  -0.01553746  0.05171045  0.05777591  0.02365407 -0.05177869  0.04296768
   0.07383848 -0.01009378  0.09011383  0.07853246 -0.07400458 -0.02965549
  -0.01566464 -0.04796876  0.08217691  0.05874413 -0.02228294 -0.01215683
  -0.03469901  0.02068635  0.029122    0.01631063  0.06352361  0.0511815
  -0.03319034  0.00719548  0.06257164  0.01528869 -0.06261908 -0.01632508
   0.01350763 -0.07114761  0.10627401  0.03209157 -0.08454293 -0.0034422
   0.01647042 -0.01792272  0.05557261 -0.01335896  0.03037059  0.02325688
   0.02550305 -0.02723521 -0.09944177  0.05390837 -0.02904536 -0.00071123
  -0.00615268  0.00687239 -0.01023704  0.01374369 -0.00760141 -0.01932832
   0.00129518 -0.06090911 -0.07264517 -0.0097972  -0.06814756 -0.0266072
   0.01081477  0.03365431 -0.03089557  0.07223074  0.03642555  0.03758528
  -0.04268754 -0.03533249 -0.04711654  0.03791159  0.0130693  -0.0474579
  -0.04783756  0.01595938  0.00765867 -0.01142697  0.03237071 -0.01023419
  -0.02614904  0.08226149 -0.02750996 -0.09429508  0.00412696  0.02152621
  -0.00513882  0.02985818  0.07239167 -0.04425399  0.0355253  -0.00923841
   0.01350088  0.01383976 -0.0535286  -0.10106216 -0.10800359 -0.06460594
  -0.0092761  -0.03144908 -0.07379846  0.05927626 -0.01827756  0.08566076
   0.00437307 -0.06695189 -0.03829435 -0.01159117  0.04001042 -0.03946116
  -0.08156714  0.02081049 -0.07849425  0.00059677 -0.02978837  0.00973342
   0.0302155  -0.04584063  0.03669039 -0.01056961  0.00545353  0.00036485
   0.10096796  0.09136947  0.04915511  0.01791304 -0.06800298 -0.03686531
  -0.01571045  0.04955552 -0.04568239 -0.04260178  0.03464321  0.00244075
  -0.02904193 -0.03232585 -0.02050773 -0.01717211 -0.05572158  0.00849946
  -0.00331599  0.03577479 -0.01979304 -0.00967106 -0.03028257  0.0391556
   0.10930337  0.03166618  0.02817485 -0.01003626 -0.08019671 -0.03590506
   0.04414795 -0.04358881  0.05943873  0.00841704 -0.00662241 -0.00576678
   0.04482691  0.00851195 -0.01614819 -0.00078034  0.00164763  0.06339184
   0.01845844  0.01580115  0.05031006  0.07059611 -0.00389025 -0.01117461
  -0.00375322  0.04451976 -0.02197829  0.0169435   0.02232445 -0.07406079
   0.02370491  0.05147084  0.07032309 -0.08365718 -0.06012585  0.0742505
   0.00652052  0.02911296  0.02076374  0.00460919  0.0357012   0.01934382
  -0.02191589 -0.00502626  0.06740043 -0.00148396  0.05158523  0.03504896
   0.05110829 -0.00439159  0.03189293 -0.00973545  0.03971823  0.03183111
   0.00954917  0.01408807 -0.00517075 -0.09553578  0.04624286 -0.00084778
  -0.04386706 -0.01555466  0.04737577 -0.03357509  0.01451263 -0.01402453
   0.03491388 -0.04347939 -0.00976192 -0.03704184  0.01093271 -0.02188919
  -0.04571442  0.0259443  -0.04158365 -0.00072353 -0.01538697 -0.00150205
   0.04356876  0.08676293  0.0093576   0.06030495 -0.00299544 -0.08685299
  -0.05735777 -0.01341302 -0.06882852 -0.04436548  0.05601192 -0.02818956
   0.03960514  0.00534245  0.03567112  0.05602584  0.0146121   0.04786965
  -0.05827174  0.02032664  0.00962522  0.00488719 -0.01113168  0.03369802
  -0.0330724   0.02040916  0.04029322  0.0269422   0.08889916 -0.03163118
   0.0175905  -0.06008794 -0.0359089   0.08995158  0.04789342 -0.01931077
  -0.01476608  0.00071547 -0.04263325 -0.01672499  0.08912326 -0.02763977
   0.01643491  0.00286389  0.01448593  0.02119708 -0.04846864 -0.00258711
   0.0284018   0.00641749 -0.0065001  -0.09389839 -0.02430329  0.06013762
  -0.01606     0.06205947  0.01107413 -0.05992576 -0.00508444  0.06318008
   0.00154515  0.07147243 -0.0056404   0.00902366 -0.01241318 -0.01975125
   0.03996424  0.02889733 -0.01021369 -0.02003815 -0.02443689  0.02370173
   0.0112024   0.07133602  0.0796358   0.00998518 -0.05556379  0.0116084
   0.01564092  0.05172881  0.0351403   0.05608495 -0.01036772  0.07344535
   0.04085828 -0.03513237  0.01948921  0.01209656 -0.00742872  0.04356871
  -0.01067527 -0.01217279 -0.01128046 -0.03887528 -0.00048418  0.01120829
   0.02630276 -0.01088663 -0.04651172 -0.04676522 -0.05599291 -0.02144474
   0.01938105 -0.03361522  0.01482573  0.00370182 -0.03501939 -0.0149837
   0.04191308 -0.03179625  0.04921175 -0.02357035  0.01710224  0.04653111
  -0.0284291   0.0012116   0.00543251  0.03368443 -0.05938616 -0.01906472
   0.04833584 -0.04594356 -0.06365082 -0.02109915  0.01854223  0.02584613
   0.00987796 -0.05665153 -0.0008109  -0.03560336 -0.01709246  0.06201699
   0.00755405  0.03327049 -0.10128597 -0.05696148  0.001285    0.04435544
  -0.05764497  0.01381649  0.03577438  0.02104061 -0.07771569 -0.01136695
  -0.04461835 -0.02670211 -0.07933994  0.04292887  0.00466953  0.00694917
   0.05959539  0.04137668  0.05313618  0.04342974 -0.01277711  0.01033576
  -0.07254174  0.05248254  0.04589673  0.03816798  0.01271046 -0.02184112
  -0.00744196  0.01459599  0.02106376 -0.03794743 -0.04843221  0.01837642
   0.00940591 -0.04585053 -0.0006077   0.03861002  0.02060801 -0.124405
  -0.06335371 -0.02236729  0.0481016  -0.08179278 -0.03514315 -0.03955544
   0.03154336  0.0999705  -0.01405875  0.05175062  0.01070615  0.00867208
   0.04985084  0.01560194  0.07051425 -0.1351983   0.08358049 -0.01091602
   0.01053673  0.03589612  0.08052856 -0.02721407 -0.04366741 -0.05820967
  -0.10441753 -0.07606547 -0.02545266  0.11419788 -0.02318745 -0.004279
   0.05016834 -0.03758336  0.00818874  0.01082167 -0.04996717 -0.01816629
   0.06170478 -0.00507314]]
Studio embedding after database conversion:
[[ 0.00366359 -0.00980515  0.07540383  0.00641607  0.06108664  0.03467018
  -0.05306716 -0.07873451  0.04321324  0.05149586  0.05778623  0.06629159
  -0.02710623  0.07279237 -0.04343042 -0.03326549 -0.03661038  0.02519633
  -0.01183513  0.00930621  0.04465992  0.05654455  0.12767975  0.04695408
  -0.07190044  0.06054856  0.01886209 -0.01556284 -0.03155151 -0.07079276
   0.03344063  0.02434471  0.05452272 -0.09256554  0.07753891 -0.00076255
   0.05476203 -0.03123341  0.0373515  -0.02817187 -0.01239368 -0.00178046
  -0.04625275  0.00483107 -0.01854327 -0.05355094 -0.04275795  0.03486511
  -0.0607069   0.03856725 -0.03437775 -0.01029868 -0.05953246  0.00695211
  -0.02321984  0.0324311   0.00685429 -0.01232542 -0.00261482 -0.0197825
   0.07436582  0.05126636 -0.03348562  0.01274753  0.03388055 -0.00535764
   0.00421504 -0.04466834  0.07698765  0.07179517  0.06453103  0.04801206
   0.01642602  0.07248779 -0.01688323  0.02229815 -0.00800592 -0.00531784
  -0.01553746  0.05171045  0.05777591  0.02365407 -0.05177869  0.04296768
   0.07383848 -0.01009378  0.09011383  0.07853246 -0.07400458 -0.02965549
  -0.01566464 -0.04796876  0.08217691  0.05874413 -0.02228294 -0.01215683
  -0.03469901  0.02068635  0.029122    0.01631063  0.06352361  0.0511815
  -0.03319034  0.00719548  0.06257164  0.01528869 -0.06261908 -0.01632508
   0.01350763 -0.07114761  0.10627401  0.03209157 -0.08454293 -0.0034422
   0.01647042 -0.01792272  0.05557261 -0.01335896  0.03037059  0.02325688
   0.02550305 -0.02723521 -0.09944177  0.05390837 -0.02904536 -0.00071123
  -0.00615268  0.00687239 -0.01023704  0.01374369 -0.00760141 -0.01932832
   0.00129518 -0.06090911 -0.07264517 -0.0097972  -0.06814756 -0.0266072
   0.01081477  0.03365431 -0.03089557  0.07223074  0.03642555  0.03758528
  -0.04268754 -0.03533249 -0.04711654  0.03791159  0.0130693  -0.0474579
  -0.04783756  0.01595938  0.00765867 -0.01142697  0.03237071 -0.01023419
  -0.02614904  0.08226149 -0.02750996 -0.09429508  0.00412696  0.02152621
  -0.00513882  0.02985818  0.07239167 -0.04425399  0.0355253  -0.00923841
   0.01350088  0.01383976 -0.0535286  -0.10106216 -0.10800359 -0.06460594
  -0.0092761  -0.03144908 -0.07379846  0.05927626 -0.01827756  0.08566076
   0.00437307 -0.06695189 -0.03829435 -0.01159117  0.04001042 -0.03946116
  -0.08156714  0.02081049 -0.07849425  0.00059677 -0.02978837  0.00973342
   0.0302155  -0.04584063  0.03669039 -0.01056961  0.00545353  0.00036485
   0.10096796  0.09136947  0.04915511  0.01791304 -0.06800298 -0.03686531
  -0.01571045  0.04955552 -0.04568239 -0.04260178  0.03464321  0.00244075
  -0.02904193 -0.03232585 -0.02050773 -0.01717211 -0.05572158  0.00849946
  -0.00331599  0.03577479 -0.01979304 -0.00967106 -0.03028257  0.0391556
   0.10930337  0.03166618  0.02817485 -0.01003626 -0.08019671 -0.03590506
   0.04414795 -0.04358881  0.05943873  0.00841704 -0.00662241 -0.00576678
   0.04482691  0.00851195 -0.01614819 -0.00078034  0.00164763  0.06339184
   0.01845844  0.01580115  0.05031006  0.07059611 -0.00389025 -0.01117461
  -0.00375322  0.04451976 -0.02197829  0.0169435   0.02232445 -0.07406079
   0.02370491  0.05147084  0.07032309 -0.08365718 -0.06012585  0.0742505
   0.00652052  0.02911296  0.02076374  0.00460919  0.0357012   0.01934382
  -0.02191589 -0.00502626  0.06740043 -0.00148396  0.05158523  0.03504896
   0.05110829 -0.00439159  0.03189293 -0.00973545  0.03971823  0.03183111
   0.00954917  0.01408807 -0.00517075 -0.09553578  0.04624286 -0.00084778
  -0.04386706 -0.01555466  0.04737577 -0.03357509  0.01451263 -0.01402453
   0.03491388 -0.04347939 -0.00976192 -0.03704184  0.01093271 -0.02188919
  -0.04571442  0.0259443  -0.04158365 -0.00072353 -0.01538697 -0.00150205
   0.04356876  0.08676293  0.0093576   0.06030495 -0.00299544 -0.08685299
  -0.05735777 -0.01341302 -0.06882852 -0.04436548  0.05601192 -0.02818956
   0.03960514  0.00534245  0.03567112  0.05602584  0.0146121   0.04786965
  -0.05827174  0.02032664  0.00962522  0.00488719 -0.01113168  0.03369802
  -0.0330724   0.02040916  0.04029322  0.0269422   0.08889916 -0.03163118
   0.0175905  -0.06008794 -0.0359089   0.08995158  0.04789342 -0.01931077
  -0.01476608  0.00071547 -0.04263325 -0.01672499  0.08912326 -0.02763977
   0.01643491  0.00286389  0.01448593  0.02119708 -0.04846864 -0.00258711
   0.0284018   0.00641749 -0.0065001  -0.09389839 -0.02430329  0.06013762
  -0.01606     0.06205947  0.01107413 -0.05992576 -0.00508444  0.06318008
   0.00154515  0.07147243 -0.0056404   0.00902366 -0.01241318 -0.01975125
   0.03996424  0.02889733 -0.01021369 -0.02003815 -0.02443689  0.02370173
   0.0112024   0.07133602  0.0796358   0.00998518 -0.05556379  0.0116084
   0.01564092  0.05172881  0.0351403   0.05608495 -0.01036772  0.07344535
   0.04085828 -0.03513237  0.01948921  0.01209656 -0.00742872  0.04356871
  -0.01067527 -0.01217279 -0.01128046 -0.03887528 -0.00048418  0.01120829
   0.02630276 -0.01088663 -0.04651172 -0.04676522 -0.05599291 -0.02144474
   0.01938105 -0.03361522  0.01482573  0.00370182 -0.03501939 -0.0149837
   0.04191308 -0.03179625  0.04921175 -0.02357035  0.01710224  0.04653111
  -0.0284291   0.0012116   0.00543251  0.03368443 -0.05938616 -0.01906472
   0.04833584 -0.04594356 -0.06365082 -0.02109915  0.01854223  0.02584613
   0.00987796 -0.05665153 -0.0008109  -0.03560336 -0.01709246  0.06201699
   0.00755405  0.03327049 -0.10128597 -0.05696148  0.001285    0.04435544
  -0.05764497  0.01381649  0.03577438  0.02104061 -0.07771569 -0.01136695
  -0.04461835 -0.02670211 -0.07933994  0.04292887  0.00466953  0.00694917
   0.05959539  0.04137668  0.05313618  0.04342974 -0.01277711  0.01033576
  -0.07254174  0.05248254  0.04589673  0.03816798  0.01271046 -0.02184112
  -0.00744196  0.01459599  0.02106376 -0.03794743 -0.04843221  0.01837642
   0.00940591 -0.04585053 -0.0006077   0.03861002  0.02060801 -0.124405
  -0.06335371 -0.02236729  0.0481016  -0.08179278 -0.03514315 -0.03955544
   0.03154336  0.0999705  -0.01405875  0.05175062  0.01070615  0.00867208
   0.04985084  0.01560194  0.07051425 -0.1351983   0.08358049 -0.01091602
   0.01053673  0.03589612  0.08052856 -0.02721407 -0.04366741 -0.05820967
  -0.10441753 -0.07606547 -0.02545266  0.11419788 -0.02318745 -0.004279
   0.05016834 -0.03758336  0.00818874  0.01082167 -0.04996717 -0.01816629
   0.06170478 -0.00507314]]




Game embedding before storing:
[[-7.85858259e-02  7.12907538e-02  6.14989735e-03  2.01968499e-03
   1.05386630e-01  6.76766112e-02  4.50795703e-02 -9.12087858e-02
   2.40475461e-02  2.26881132e-02  1.99639313e-02 -6.04591565e-03
  -2.26022545e-02 -2.12184414e-02 -3.76298614e-02  1.69947855e-02
   5.76241016e-02  7.03313351e-02  1.89078785e-02 -1.18807203e-03
  -2.36736480e-02 -1.72245875e-02  1.49688914e-01 -2.16134153e-02
  -1.49916857e-02 -1.03599988e-02  8.34512413e-02 -1.15387021e-02
  -3.25125456e-02 -2.35740747e-02 -2.46273447e-02  2.66832728e-02
  -8.75416696e-02  5.00328861e-05  4.18236107e-02  2.25926028e-03
   1.18978530e-01 -9.26278159e-02 -5.84242716e-02 -9.18131135e-03
   3.63990851e-02 -2.71755550e-03  2.47715712e-02  4.30520289e-02
   3.53986718e-04 -4.39844504e-02  4.32560407e-03  9.97797921e-02
  -8.27569216e-02 -6.44123275e-03 -2.87720542e-02  8.26075021e-03
   6.92043919e-03 -2.58962251e-02 -7.29530444e-03 -2.28166860e-02
  -1.05293784e-02  1.76740773e-02  3.45979184e-02  6.28289729e-02
   5.03405482e-02  9.17313271e-04  1.56406965e-02 -3.52854393e-02
  -2.10615303e-02 -3.92226689e-02 -2.82533076e-02  1.94136500e-02
  -1.95740517e-02  9.76680871e-03  7.89739937e-03 -5.20645864e-02
   7.41816908e-02 -1.75762770e-03  3.04241162e-02 -4.79849502e-02
   2.15197969e-02  1.04255313e-02 -8.85084923e-03 -1.49933454e-02
  -6.34391978e-02 -2.80230939e-02 -6.31471798e-02  4.35941759e-03
  -2.92150285e-02 -1.94797677e-03 -1.57842860e-02  2.08167825e-02
  -5.37427962e-02 -1.44901928e-02 -2.87889186e-02  9.67802107e-03
   1.29646827e-02 -2.28332318e-02  1.15639139e-02 -5.20023406e-02
  -2.98444331e-02  4.71804515e-02  5.79011219e-04  6.76530600e-02
   3.88565799e-03  3.47757004e-02 -1.12002485e-01  1.59905385e-02
  -5.71685061e-02  2.19253469e-02 -2.60547772e-02  2.37526242e-02
   3.20684165e-03 -1.61613896e-02  5.93491234e-02 -6.04400821e-02
  -1.59658380e-02  3.64940725e-02  7.59720197e-03  2.79634129e-02
   2.96679838e-03  1.35062905e-02  1.54368067e-02 -2.39694528e-02
   9.17518362e-02 -4.96603642e-03  6.55537099e-02  5.18396944e-02
   1.66625734e-02 -5.73155470e-02 -7.59790139e-03  9.43220183e-02
  -3.22084911e-02  3.74817103e-02 -7.38385692e-02 -4.71956730e-02
   2.27542035e-02 -5.21347523e-02 -6.73806518e-02  5.95778823e-02
  -4.40821759e-02 -6.94389865e-02 -3.56284678e-02  3.04507073e-02
  -9.65606980e-03 -8.59786049e-02 -2.14630198e-02  3.18369195e-02
  -4.47963253e-02 -2.57919542e-02  8.91646743e-03 -2.22809538e-02
   8.37932974e-02 -5.00750914e-02 -1.94424037e-02  7.04114959e-02
   7.87835568e-03  2.59105559e-03  4.87441458e-02 -5.66135608e-02
  -1.19226063e-02  2.71758903e-02 -6.15025964e-03  1.45611512e-02
   5.59288636e-02  8.22071731e-02  3.44940368e-03  4.44333516e-02
   4.69541699e-02 -7.73124350e-03  3.64487153e-03 -1.18693681e-02
  -4.91062514e-02 -2.23374926e-02 -1.12697454e-02  9.49645508e-03
  -2.74382159e-03 -2.32496187e-02  3.32912285e-04 -4.12296690e-02
   2.50900239e-02  3.62673253e-02 -4.49263975e-02  4.14755344e-02
  -3.39121968e-02  1.16720140e-01 -2.23896150e-02 -2.59592291e-02
  -2.19265763e-02 -3.03970221e-02 -4.99693044e-02 -2.24840664e-03
  -8.18728749e-03  2.94108856e-02 -3.68940085e-02  6.83805672e-03
   3.32868174e-02 -5.89892492e-02  5.19727496e-03 -5.16012907e-02
  -2.65075117e-02  8.13418999e-03  2.96069924e-02  1.31653026e-02
   5.62360231e-03 -9.42009836e-02 -2.29766853e-02 -2.42116675e-02
   2.09213840e-03  1.19759804e-02 -3.09383422e-02 -5.50317056e-02
  -4.31498848e-02  3.24803852e-02 -9.54433111e-04 -1.79582201e-02
  -1.12125631e-02 -2.63631828e-02 -3.09319124e-02  6.61286712e-02
   2.73198653e-02 -1.41057223e-02 -1.36660114e-02 -2.83613708e-03
   3.86521257e-02 -3.76581550e-02  9.80198011e-02 -6.49555773e-02
   2.18478329e-02  1.01522148e-01  1.30588179e-02  1.18060103e-02
   1.02808215e-02  5.55616803e-02 -7.71301007e-03  3.63279060e-02
  -8.59640352e-03  7.83512741e-02  3.65371108e-02  2.21386310e-02
  -3.94582003e-02 -9.71395224e-02  1.46435369e-02  3.37347463e-02
  -4.64623310e-02 -6.50994107e-02 -8.24916875e-04 -3.07540931e-02
   7.81192482e-02 -5.36969071e-03 -5.24689592e-02  1.69039685e-02
   6.64833412e-02  3.45852249e-03  2.80485861e-02 -7.19003007e-03
   9.25969519e-03 -6.18824698e-02  3.80047858e-02 -5.45680560e-02
  -6.41162042e-03  3.48481201e-02 -1.90443527e-02  1.76015701e-02
  -2.03382727e-02  4.51109186e-02 -2.02030148e-02  6.00176901e-02
  -3.23803425e-02 -5.05402535e-02 -3.77166681e-02 -7.66030550e-02
   3.79392616e-02  8.20330437e-03  3.78911267e-03 -4.78005793e-04
  -1.30871646e-02 -3.43929194e-02 -2.29659975e-02  1.38488654e-02
  -2.40767505e-02  8.31200778e-02  5.10078743e-02 -1.89717510e-03
   5.63424528e-02  5.76290786e-02  1.19760484e-02  2.91834176e-02
  -2.96422411e-02 -9.29331556e-02  1.55954678e-02 -3.25933611e-03
  -2.39883224e-03 -2.57964879e-02 -1.03805456e-02 -7.19087943e-03
  -5.24081476e-02 -3.63600478e-02  3.08204107e-02  6.10895567e-02
  -3.90643347e-03  7.34980553e-02 -1.25038214e-02 -3.43297794e-02
   2.11460143e-02  7.37809092e-02 -6.76054060e-02  1.10907257e-02
   3.44633907e-02 -8.87159631e-03  3.63588072e-02 -2.84776930e-02
  -6.85571581e-02 -4.28044610e-02  1.68109685e-02 -4.33694534e-02
  -6.88249245e-02 -7.90993124e-02  5.28645366e-02  6.54709861e-02
   3.08322348e-02 -5.69169689e-03  3.40434089e-02 -4.62870747e-02
   8.17391425e-02 -1.35192312e-02  1.17729865e-02  8.90713781e-02
   2.30759587e-02  3.48259024e-02  3.79126519e-02  5.22870794e-02
   3.42694931e-02 -2.52284091e-02 -2.99401861e-02 -3.23126912e-02
   2.98875347e-02  4.77116331e-02 -2.75164406e-04  3.93741950e-03
   1.00288928e-01  3.48616615e-02 -8.19456000e-06 -5.46923047e-03
  -3.59344929e-02 -3.30604538e-02  6.50439085e-03  5.17821051e-02
   8.25907849e-03  5.44187203e-02 -1.35432547e-02  4.87234145e-02
   8.67644232e-03  2.30474677e-02  1.16133643e-03 -4.33820672e-03
   6.71808235e-03  1.34237669e-02  2.51314975e-03 -1.26300508e-03
   2.18236689e-02  3.12099159e-02 -2.34017498e-03  2.82459576e-02
   1.16364509e-01 -6.09342428e-03 -1.06660426e-01 -1.09601662e-01
  -5.84628098e-02  1.59160048e-02 -4.75380383e-02 -3.54579575e-02
  -1.95017811e-02 -4.35459688e-02 -4.10042331e-02  2.86331028e-02
  -1.44052682e-02  7.58064762e-02  5.10720946e-02  6.20800480e-02
  -2.04272512e-02  8.71391036e-03 -5.67162922e-03  3.99318431e-03
  -1.80225857e-02  6.09160922e-02 -5.67296194e-03 -2.19942238e-02
  -1.92127824e-02 -1.16258617e-02 -4.99209687e-02  3.74855287e-02
   4.24178168e-02 -7.90876430e-03 -6.19143201e-03  5.62637709e-02
  -2.53300499e-02  3.62723507e-02 -7.89754838e-03 -6.77008554e-02
   2.67957579e-02  3.68171185e-03  1.16285477e-02 -7.39637762e-03
  -3.41182426e-02 -1.79545749e-02 -5.14444597e-02 -2.73268018e-02
   8.63852259e-03 -2.55110469e-02 -2.73581507e-04 -1.24415262e-02
   1.11916356e-01  7.03705102e-02  1.23385135e-02  5.85803613e-02
  -2.56735105e-02  8.78301859e-02 -1.88815072e-02 -4.59191389e-02
  -5.72144724e-02  2.82341838e-02 -3.60980135e-04 -1.20926006e-02
   4.55328897e-02 -6.38948381e-02 -5.90753481e-02  6.92005968e-03
   4.03027795e-02  5.86436801e-02  3.52707729e-02 -5.33954091e-02
  -1.16133234e-02  5.67868352e-02 -1.22383945e-01  3.05117089e-02
   5.25141954e-02 -3.24655212e-02 -5.27777337e-02 -8.46767649e-02
  -1.25925504e-02 -3.74070108e-02 -5.56155406e-02 -4.91401069e-02
  -2.02490631e-02  5.76147102e-02 -2.56996471e-02  9.17950762e-04
  -5.12101203e-02 -1.28514199e-02 -6.16678596e-02  5.83632430e-03
   5.31936660e-02 -4.67110984e-02  5.99850640e-02 -6.06771209e-04
  -3.39666717e-02 -4.68931906e-02 -3.77025418e-02  2.18738709e-02
  -6.57394007e-02  9.84870940e-02  8.72209519e-02  2.63794828e-02
   4.62754443e-02  6.97921216e-02 -9.03559476e-02  4.71533462e-02
   1.31393466e-02  3.06900293e-02 -2.14917790e-02 -2.74315886e-02
   6.72509968e-02  2.27177069e-02  3.02601196e-02  1.38179986e-02
  -4.04901579e-02 -1.66330766e-02 -5.86083252e-03  5.70054390e-02
   9.60947871e-02  8.36022347e-02 -7.22318664e-02 -2.04544999e-02
   8.14385479e-04  1.54807745e-02  2.91733490e-03  6.73428643e-03
  -3.38655151e-02  8.59013572e-02 -7.10195396e-04  2.36029960e-02
   1.32758673e-02 -8.92666206e-02  2.13320423e-02 -7.62407435e-03
  -1.30890459e-01 -1.21397674e-02  6.65325001e-02  1.74030196e-02
  -9.54813138e-02  2.80318968e-02 -9.47578810e-03  4.44188528e-02
  -8.55924562e-02 -2.53794994e-02  4.01553363e-02  3.96558829e-02
   2.84677483e-02 -2.38389926e-04  5.08345366e-02 -7.63418106e-03
  -3.13599519e-02 -2.98188962e-02  6.59498014e-03 -1.81806851e-02]]
Game embedding after database conversion:
[[-7.85858259e-02  7.12907538e-02  6.14989735e-03  2.01968499e-03
   1.05386630e-01  6.76766112e-02  4.50795703e-02 -9.12087858e-02
   2.40475461e-02  2.26881132e-02  1.99639313e-02 -6.04591565e-03
  -2.26022545e-02 -2.12184414e-02 -3.76298614e-02  1.69947855e-02
   5.76241016e-02  7.03313351e-02  1.89078785e-02 -1.18807203e-03
  -2.36736480e-02 -1.72245875e-02  1.49688914e-01 -2.16134153e-02
  -1.49916857e-02 -1.03599988e-02  8.34512413e-02 -1.15387021e-02
  -3.25125456e-02 -2.35740747e-02 -2.46273447e-02  2.66832728e-02
  -8.75416696e-02  5.00328861e-05  4.18236107e-02  2.25926028e-03
   1.18978530e-01 -9.26278159e-02 -5.84242716e-02 -9.18131135e-03
   3.63990851e-02 -2.71755550e-03  2.47715712e-02  4.30520289e-02
   3.53986718e-04 -4.39844504e-02  4.32560407e-03  9.97797921e-02
  -8.27569216e-02 -6.44123275e-03 -2.87720542e-02  8.26075021e-03
   6.92043919e-03 -2.58962251e-02 -7.29530444e-03 -2.28166860e-02
  -1.05293784e-02  1.76740773e-02  3.45979184e-02  6.28289729e-02
   5.03405482e-02  9.17313271e-04  1.56406965e-02 -3.52854393e-02
  -2.10615303e-02 -3.92226689e-02 -2.82533076e-02  1.94136500e-02
  -1.95740517e-02  9.76680871e-03  7.89739937e-03 -5.20645864e-02
   7.41816908e-02 -1.75762770e-03  3.04241162e-02 -4.79849502e-02
   2.15197969e-02  1.04255313e-02 -8.85084923e-03 -1.49933454e-02
  -6.34391978e-02 -2.80230939e-02 -6.31471798e-02  4.35941759e-03
  -2.92150285e-02 -1.94797677e-03 -1.57842860e-02  2.08167825e-02
  -5.37427962e-02 -1.44901928e-02 -2.87889186e-02  9.67802107e-03
   1.29646827e-02 -2.28332318e-02  1.15639139e-02 -5.20023406e-02
  -2.98444331e-02  4.71804515e-02  5.79011219e-04  6.76530600e-02
   3.88565799e-03  3.47757004e-02 -1.12002485e-01  1.59905385e-02
  -5.71685061e-02  2.19253469e-02 -2.60547772e-02  2.37526242e-02
   3.20684165e-03 -1.61613896e-02  5.93491234e-02 -6.04400821e-02
  -1.59658380e-02  3.64940725e-02  7.59720197e-03  2.79634129e-02
   2.96679838e-03  1.35062905e-02  1.54368067e-02 -2.39694528e-02
   9.17518362e-02 -4.96603642e-03  6.55537099e-02  5.18396944e-02
   1.66625734e-02 -5.73155470e-02 -7.59790139e-03  9.43220183e-02
  -3.22084911e-02  3.74817103e-02 -7.38385692e-02 -4.71956730e-02
   2.27542035e-02 -5.21347523e-02 -6.73806518e-02  5.95778823e-02
  -4.40821759e-02 -6.94389865e-02 -3.56284678e-02  3.04507073e-02
  -9.65606980e-03 -8.59786049e-02 -2.14630198e-02  3.18369195e-02
  -4.47963253e-02 -2.57919542e-02  8.91646743e-03 -2.22809538e-02
   8.37932974e-02 -5.00750914e-02 -1.94424037e-02  7.04114959e-02
   7.87835568e-03  2.59105559e-03  4.87441458e-02 -5.66135608e-02
  -1.19226063e-02  2.71758903e-02 -6.15025964e-03  1.45611512e-02
   5.59288636e-02  8.22071731e-02  3.44940368e-03  4.44333516e-02
   4.69541699e-02 -7.73124350e-03  3.64487153e-03 -1.18693681e-02
  -4.91062514e-02 -2.23374926e-02 -1.12697454e-02  9.49645508e-03
  -2.74382159e-03 -2.32496187e-02  3.32912285e-04 -4.12296690e-02
   2.50900239e-02  3.62673253e-02 -4.49263975e-02  4.14755344e-02
  -3.39121968e-02  1.16720140e-01 -2.23896150e-02 -2.59592291e-02
  -2.19265763e-02 -3.03970221e-02 -4.99693044e-02 -2.24840664e-03
  -8.18728749e-03  2.94108856e-02 -3.68940085e-02  6.83805672e-03
   3.32868174e-02 -5.89892492e-02  5.19727496e-03 -5.16012907e-02
  -2.65075117e-02  8.13418999e-03  2.96069924e-02  1.31653026e-02
   5.62360231e-03 -9.42009836e-02 -2.29766853e-02 -2.42116675e-02
   2.09213840e-03  1.19759804e-02 -3.09383422e-02 -5.50317056e-02
  -4.31498848e-02  3.24803852e-02 -9.54433111e-04 -1.79582201e-02
  -1.12125631e-02 -2.63631828e-02 -3.09319124e-02  6.61286712e-02
   2.73198653e-02 -1.41057223e-02 -1.36660114e-02 -2.83613708e-03
   3.86521257e-02 -3.76581550e-02  9.80198011e-02 -6.49555773e-02
   2.18478329e-02  1.01522148e-01  1.30588179e-02  1.18060103e-02
   1.02808215e-02  5.55616803e-02 -7.71301007e-03  3.63279060e-02
  -8.59640352e-03  7.83512741e-02  3.65371108e-02  2.21386310e-02
  -3.94582003e-02 -9.71395224e-02  1.46435369e-02  3.37347463e-02
  -4.64623310e-02 -6.50994107e-02 -8.24916875e-04 -3.07540931e-02
   7.81192482e-02 -5.36969071e-03 -5.24689592e-02  1.69039685e-02
   6.64833412e-02  3.45852249e-03  2.80485861e-02 -7.19003007e-03
   9.25969519e-03 -6.18824698e-02  3.80047858e-02 -5.45680560e-02
  -6.41162042e-03  3.48481201e-02 -1.90443527e-02  1.76015701e-02
  -2.03382727e-02  4.51109186e-02 -2.02030148e-02  6.00176901e-02
  -3.23803425e-02 -5.05402535e-02 -3.77166681e-02 -7.66030550e-02
   3.79392616e-02  8.20330437e-03  3.78911267e-03 -4.78005793e-04
  -1.30871646e-02 -3.43929194e-02 -2.29659975e-02  1.38488654e-02
  -2.40767505e-02  8.31200778e-02  5.10078743e-02 -1.89717510e-03
   5.63424528e-02  5.76290786e-02  1.19760484e-02  2.91834176e-02
  -2.96422411e-02 -9.29331556e-02  1.55954678e-02 -3.25933611e-03
  -2.39883224e-03 -2.57964879e-02 -1.03805456e-02 -7.19087943e-03
  -5.24081476e-02 -3.63600478e-02  3.08204107e-02  6.10895567e-02
  -3.90643347e-03  7.34980553e-02 -1.25038214e-02 -3.43297794e-02
   2.11460143e-02  7.37809092e-02 -6.76054060e-02  1.10907257e-02
   3.44633907e-02 -8.87159631e-03  3.63588072e-02 -2.84776930e-02
  -6.85571581e-02 -4.28044610e-02  1.68109685e-02 -4.33694534e-02
  -6.88249245e-02 -7.90993124e-02  5.28645366e-02  6.54709861e-02
   3.08322348e-02 -5.69169689e-03  3.40434089e-02 -4.62870747e-02
   8.17391425e-02 -1.35192312e-02  1.17729865e-02  8.90713781e-02
   2.30759587e-02  3.48259024e-02  3.79126519e-02  5.22870794e-02
   3.42694931e-02 -2.52284091e-02 -2.99401861e-02 -3.23126912e-02
   2.98875347e-02  4.77116331e-02 -2.75164406e-04  3.93741950e-03
   1.00288928e-01  3.48616615e-02 -8.19456000e-06 -5.46923047e-03
  -3.59344929e-02 -3.30604538e-02  6.50439085e-03  5.17821051e-02
   8.25907849e-03  5.44187203e-02 -1.35432547e-02  4.87234145e-02
   8.67644232e-03  2.30474677e-02  1.16133643e-03 -4.33820672e-03
   6.71808235e-03  1.34237669e-02  2.51314975e-03 -1.26300508e-03
   2.18236689e-02  3.12099159e-02 -2.34017498e-03  2.82459576e-02
   1.16364509e-01 -6.09342428e-03 -1.06660426e-01 -1.09601662e-01
  -5.84628098e-02  1.59160048e-02 -4.75380383e-02 -3.54579575e-02
  -1.95017811e-02 -4.35459688e-02 -4.10042331e-02  2.86331028e-02
  -1.44052682e-02  7.58064762e-02  5.10720946e-02  6.20800480e-02
  -2.04272512e-02  8.71391036e-03 -5.67162922e-03  3.99318431e-03
  -1.80225857e-02  6.09160922e-02 -5.67296194e-03 -2.19942238e-02
  -1.92127824e-02 -1.16258617e-02 -4.99209687e-02  3.74855287e-02
   4.24178168e-02 -7.90876430e-03 -6.19143201e-03  5.62637709e-02
  -2.53300499e-02  3.62723507e-02 -7.89754838e-03 -6.77008554e-02
   2.67957579e-02  3.68171185e-03  1.16285477e-02 -7.39637762e-03
  -3.41182426e-02 -1.79545749e-02 -5.14444597e-02 -2.73268018e-02
   8.63852259e-03 -2.55110469e-02 -2.73581507e-04 -1.24415262e-02
   1.11916356e-01  7.03705102e-02  1.23385135e-02  5.85803613e-02
  -2.56735105e-02  8.78301859e-02 -1.88815072e-02 -4.59191389e-02
  -5.72144724e-02  2.82341838e-02 -3.60980135e-04 -1.20926006e-02
   4.55328897e-02 -6.38948381e-02 -5.90753481e-02  6.92005968e-03
   4.03027795e-02  5.86436801e-02  3.52707729e-02 -5.33954091e-02
  -1.16133234e-02  5.67868352e-02 -1.22383945e-01  3.05117089e-02
   5.25141954e-02 -3.24655212e-02 -5.27777337e-02 -8.46767649e-02
  -1.25925504e-02 -3.74070108e-02 -5.56155406e-02 -4.91401069e-02
  -2.02490631e-02  5.76147102e-02 -2.56996471e-02  9.17950762e-04
  -5.12101203e-02 -1.28514199e-02 -6.16678596e-02  5.83632430e-03
   5.31936660e-02 -4.67110984e-02  5.99850640e-02 -6.06771209e-04
  -3.39666717e-02 -4.68931906e-02 -3.77025418e-02  2.18738709e-02
  -6.57394007e-02  9.84870940e-02  8.72209519e-02  2.63794828e-02
   4.62754443e-02  6.97921216e-02 -9.03559476e-02  4.71533462e-02
   1.31393466e-02  3.06900293e-02 -2.14917790e-02 -2.74315886e-02
   6.72509968e-02  2.27177069e-02  3.02601196e-02  1.38179986e-02
  -4.04901579e-02 -1.66330766e-02 -5.86083252e-03  5.70054390e-02
   9.60947871e-02  8.36022347e-02 -7.22318664e-02 -2.04544999e-02
   8.14385479e-04  1.54807745e-02  2.91733490e-03  6.73428643e-03
  -3.38655151e-02  8.59013572e-02 -7.10195396e-04  2.36029960e-02
   1.32758673e-02 -8.92666206e-02  2.13320423e-02 -7.62407435e-03
  -1.30890459e-01 -1.21397674e-02  6.65325001e-02  1.74030196e-02
  -9.54813138e-02  2.80318968e-02 -9.47578810e-03  4.44188528e-02
  -8.55924562e-02 -2.53794994e-02  4.01553363e-02  3.96558829e-02
   2.84677483e-02 -2.38389926e-04  5.08345366e-02 -7.63418106e-03
  -3.13599519e-02 -2.98188962e-02  6.59498014e-03 -1.81806851e-02]]